8
Fold Check-Call 50%-Pot 75%-Pot 100%-Pot 200%-Pot 400%-Pot All-In 
0.0209034 0.0214259 0.930127 0.0324699 0.0145592 0.00141786 0 0 0 
0.0968107 0.00358173 0.975022 0.00544291 0.0110589 0.00264127 0.00208739 7.67789e-05 8.86994e-05 
0.000134799 0.00358173 0.975022 0.00544291 0.0110589 0.00264127 0.00208739 7.67789e-05 8.86994e-05 
8.04871e-05 0.418269 0.00798253 0.119099 0.378351 0.0180734 0.0486748 0.0047752 0.0047752 
3.88964e-06 0 0.0499719 0.0594499 0.0296942 0.180522 0.153824 0.136976 0.389562 
0.244324 0.00136396 0.979784 0.0187266 3.807e-05 3.86641e-05 3.46221e-06 4.51314e-05 0 
3.51372e-06 0.00136396 0.979784 0.0187266 3.807e-05 3.86641e-05 3.46221e-06 4.51314e-05 0 
0.0757199 0.00880258 4.34596e-05 0.957043 0.0261376 0.00179251 0.00599264 0.000101967 8.62179e-05 
7.97668e-07 0.00880258 4.34596e-05 0.957043 0.0261376 0.00179251 0.00599264 0.000101967 8.62179e-05 
0.0690252 0.00338774 6.88902e-05 0.911912 0.043588 0.0266227 0.0130866 0.00132593 7.92478e-06 
4.32373e-05 0.00338774 6.88902e-05 0.911912 0.043588 0.0266227 0.0130866 0.00132593 7.92478e-06 
0.146532 0.00360187 0.000263954 0.93883 0.0416179 0.00646374 0.00915615 5.66321e-05 1.01077e-05 
3.87713e-05 0.00360187 0.000263954 0.938829 0.0416179 0.00646374 0.00915615 5.66321e-05 1.01077e-05 
0.952605 7.05171e-05 0.109056 0.884373 0.00604926 0.000323655 0.000121586 5.3468e-06 0 
0.987361 7.05171e-05 0.109056 0.884373 0.00604926 0.000323655 0.000121586 5.3468e-06 0 
0.00224849 0.257425 0.000270368 0.160566 0.000883447 0.10124 0.00161675 0.4636 0.0143982 
4.98701e-06 0.0234793 0.0158003 0.506271 0.222047 0.106899 0.105722 0.019732 5.07043e-05 
0.340152 5.50192e-05 0.0843664 0.903666 0.0116101 0.000247154 2.93795e-05 2.54673e-05 3.73064e-07 
0.685767 5.50192e-05 0.0843664 0.903666 0.0116101 0.000247154 2.93795e-05 2.54673e-05 3.73064e-07 
0.796702 0.000233513 0.00412908 0.989836 0.00403513 0.0014057 0.000360664 1.51576e-07 1.313e-07 
0.651277 0.000233513 0.00412908 0.989836 0.00403513 0.0014057 0.000360664 1.51576e-07 1.313e-07 
0.57338 6.52244e-06 0.00601364 0.990649 0.00199861 0.0012373 6.51338e-05 2.96316e-05 0 
0.961737 6.52244e-06 0.00601364 0.990649 0.00199861 0.0012373 6.51338e-05 2.96316e-05 0 
0.48982 0.000323195 0.925736 0.0704642 0.00151754 0.00172208 0.000234216 1.98103e-06 9.22993e-07 
0.191138 0.000323195 0.925736 0.0704642 0.00151754 0.00172208 0.000234216 1.98103e-06 9.22993e-07 
0.00166417 0.0383497 0.153927 0.357549 0.0375245 0.196786 0.185459 0.0299645 0.00043911 
0.0767748 0.000540363 0.991178 0.00577689 0.00141214 0.00103503 9.15469e-06 2.28179e-05 2.54112e-05 
4.98483e-05 0.000540363 0.991178 0.00577689 0.00141214 0.00103503 9.15469e-06 2.28179e-05 2.54112e-05 
0.0386573 0.00222534 0.81093 0.0190655 0.0432114 0.00746746 0.0504774 0.0665233 9.98441e-05 
3.88754e-05 0.00222534 0.81093 0.0190655 0.0432114 0.00746746 0.0504774 0.0665233 9.98441e-05 
0.114208 0.000540363 0.991178 0.00577689 0.00141214 0.00103503 9.15469e-06 2.28179e-05 2.54112e-05 
3.52656e-05 0.000540363 0.991178 0.00577689 0.00141214 0.00103503 9.15469e-06 2.28179e-05 2.54112e-05 
0.0693681 0.000540363 0.991178 0.00577689 0.00141214 0.00103503 9.15469e-06 2.28179e-05 2.54112e-05 
0.000105082 0.000540363 0.991178 0.00577689 0.00141214 0.00103503 9.15469e-06 2.28179e-05 2.54112e-05 
0.32098 0.000540363 0.991178 0.00577689 0.00141214 0.00103503 9.15469e-06 2.28179e-05 2.54112e-05 
4.58119e-05 0.000540363 0.991178 0.00577689 0.00141214 0.00103503 9.15469e-06 2.28179e-05 2.54112e-05 
0.434252 0 0.233219 0.754954 0.00745137 0.00186814 0.00248477 1.3177e-05 9.77881e-06 
0.595083 0 0.233219 0.754953 0.00745137 0.00186814 0.00248477 1.3177e-05 9.77881e-06 
0.277268 0.00125238 0.993439 0.00427013 0.000414372 0.000605399 9.90755e-06 2.97962e-06 5.35604e-06 
0.024077 0.00125238 0.99344 0.00427013 0.000414372 0.000605399 9.90755e-06 2.97962e-06 5.35604e-06 
0.627178 0 0.396386 0.594653 0.00312933 0.00340201 0.000972032 0.00145062 6.92447e-06 
0.486353 0 0.396386 0.594653 0.00312933 0.00340201 0.000972032 0.00145062 6.92447e-06 
0.765073 0.000214289 0.99718 0.0022778 0.000206941 0.00010067 1.38685e-05 3.92318e-07 5.91278e-06 
0.709518 0.000214289 0.99718 0.0022778 0.000206941 0.00010067 1.38685e-05 3.92318e-07 5.91278e-06 
0.452643 1.1344e-06 0.253491 0.711389 0.0211916 0.0103395 0.00297763 0.000534992 7.5541e-05 
0.429148 1.1344e-06 0.253491 0.711389 0.0211916 0.0103395 0.00297763 0.000534992 7.5541e-05 
0.097025 0.000469222 0.996156 0.000765303 0.00211523 0.00025328 8.37057e-05 0.000150594 6.24837e-06 
0.196651 0.000469222 0.996156 0.000765303 0.00211523 0.00025328 8.37057e-05 0.000150594 6.24837e-06 
0.0090478 0.00411359 0.442938 0.329154 0.175282 0.0468965 0.0005139 0.000861338 0.000240983 
0.0112883 0.00136396 0.979784 0.0187266 3.807e-05 3.86641e-05 3.46221e-06 4.51314e-05 0 
1.29989e-06 0.125 0.125 0.125 0.125 0.125 0.125 0.125 0.125 
0.0078457 0.114009 0.000331153 0.775406 0.0555878 0.0144246 0.0367169 0.00352479 0 
1.28406e-05 0.0166667 0.0166667 0.0375009 0.0771218 0.3654 0.170862 0.0798338 0.235949 
0.0599069 0.0101713 6.83992e-05 0.787979 0.176494 0.0231126 0.00031091 0.00163403 0.000229369 
2.51924e-05 0.0101713 6.83991e-05 0.787979 0.176494 0.0231126 0.00031091 0.00163403 0.000229369 
0.0662784 0.0122156 6.96398e-05 0.942743 0.00454749 0.0400471 0.000123025 5.71054e-05 0.000197044 
1.50317e-05 0.0122156 6.96398e-05 0.942743 0.00454749 0.0400471 0.000123025 5.71054e-05 0.000197044 
0.745164 7.23116e-05 0.0506258 0.948779 0.000269454 0.00015458 8.27591e-05 1.62982e-05 1.10952e-07 
0.984867 7.23116e-05 0.0506258 0.948779 0.000269454 0.00015458 8.27591e-05 1.62982e-05 1.10952e-07 
0.012185 0.0234793 0.0158003 0.506271 0.222047 0.106899 0.105722 0.019732 5.07043e-05 
3.76684e-06 0.0234793 0.0158003 0.506271 0.222047 0.106899 0.105722 0.019732 5.07043e-05 
0.478185 5.50192e-05 0.0843664 0.903666 0.0116101 0.000247154 2.93795e-05 2.54673e-05 3.73064e-07 
0.888201 5.50192e-05 0.0843664 0.903666 0.0116101 0.000247154 2.93795e-05 2.54673e-05 3.73064e-07 
0.832687 0.000216947 0.000567132 0.974106 0.0210019 0.00387719 0.000230298 0 0 
0.613454 0.000216947 0.000567132 0.974107 0.0210019 0.00387719 0.000230298 0 0 
0.54358 6.52244e-06 0.00601364 0.990649 0.00199861 0.0012373 6.51338e-05 2.96316e-05 0 
0.608024 6.52244e-06 0.00601364 0.990649 0.00199861 0.0012373 6.51338e-05 2.96316e-05 0 
0.3173 0.000568547 0.645462 0.352903 0.00047975 5.40265e-06 0.000394871 0.000185431 1.08607e-06 
0.11602 0.000568547 0.645462 0.352903 0.00047975 5.40265e-06 0.000394871 0.000185431 1.08607e-06 
0.00315861 0 0.352789 0.118791 0.283546 0.1442 0.0726599 0.0109192 0.017095 
0.0302722 0.000376205 0.895177 0.0142692 0.0722005 0.0152315 0.00268401 3.37924e-05 2.77039e-05 
8.01426e-08 0.000376205 0.895177 0.0142692 0.0722005 0.0152315 0.00268401 3.37924e-05 2.77039e-05 
0.00450785 0.000376205 0.895177 0.0142692 0.0722005 0.0152315 0.00268401 3.37924e-05 2.77039e-05 
3.20653e-06 0.00236513 0.96231 0.0127609 0.0225229 0 7.14237e-06 3.37743e-05 0 
0.147252 0.00236513 0.96231 0.0127609 0.0225229 0 7.14237e-06 3.37743e-05 0 
7.84588e-06 0.00236513 0.96231 0.0127609 0.0225229 0 7.14237e-06 3.37743e-05 0 
0.934246 9.03429e-08 0.00952534 0.985367 0.00365128 0.000540725 0.000705937 0.000206853 2.66971e-06 
0.824953 9.03429e-08 0.00952534 0.985367 0.00365128 0.000540725 0.000705937 0.000206853 2.66971e-06 
0.0104192 0.0101414 0.0469549 0.833098 0.0576599 0.0479238 0.00417062 2.40755e-05 2.75785e-05 
4.3141e-06 0.0101414 0.0469549 0.833098 0.0576599 0.0479238 0.00417062 2.40755e-05 2.75785e-05 
0.744344 1.69635e-07 0.0694899 0.89015 0.0310393 0.00444024 0.00411753 0.000713094 4.97682e-05 
0.369382 1.69635e-07 0.0694899 0.89015 0.0310393 0.00444024 0.00411753 0.000713094 4.97682e-05 
0.403971 7.21874e-05 0.117824 0.877672 0.00405827 0.000283375 2.83188e-05 6.20703e-05 1.14129e-07 
0.543615 7.21874e-05 0.117824 0.877672 0.00405827 0.000283375 2.83188e-05 6.20703e-05 1.14129e-07 
0.350889 8.15205e-08 0.000800635 0.981893 0.0122956 0.00466043 0.000232965 0.000116973 0 
0.390658 8.15205e-08 0.000800635 0.981893 0.0122956 0.00466043 0.000232965 0.000116973 0 
0.0612017 0.000536125 0.303613 0.679865 0.0146952 0.00119997 7.16216e-05 1.85891e-05 0 
0.0939609 0.000536125 0.303613 0.679865 0.0146952 0.00119997 7.16216e-05 1.85891e-05 0 
0.0462443 0.000536125 0.303613 0.679865 0.0146952 0.00119997 7.16216e-05 1.85891e-05 0 
0.00356657 0.130869 0.00132545 0.305372 0.171968 0.359398 0.0257072 0.00530882 5.22794e-05 
1.99275e-06 0.130869 0.00132545 0.305372 0.171968 0.359398 0.0257072 0.00530882 5.22794e-05 
0.0206519 0.0307156 0.00158016 0.326035 0.381155 0.203167 0.0410077 0.0163014 3.84503e-05 
6.3812e-06 0.0307156 0.00158016 0.326035 0.381155 0.203167 0.0410077 0.0163014 3.84503e-05 
0.0615049 9.77747e-05 0.376562 0.612802 0.0104593 2.22958e-05 3.65048e-05 1.9061e-05 9.25346e-07 
1 9.77747e-05 0.376562 0.612802 0.0104593 2.22958e-05 3.65048e-05 1.9061e-05 9.25346e-07 
0.0173269 0.0197495 0.000280776 0.251115 0.363384 0.163838 0.141875 0.0597298 2.82127e-05 
2.02077e-06 0.0625 0.0625 0.159722 0.196759 0.0625 0.0625 0.196759 0.196759 
0.995665 9.06909e-05 0.011969 0.97165 0.0151194 0.00111712 4.71622e-05 1.96302e-06 4.61962e-06 
0.814007 9.06909e-05 0.011969 0.97165 0.0151194 0.00111712 4.71622e-05 1.96302e-06 4.61962e-06 
0.0385807 0.000263948 0.00183462 0.97396 0.0191779 0.00403498 0.000544895 0.000182548 6.90334e-07 
0.66749 0.000263948 0.00183462 0.973961 0.0191779 0.00403498 0.000544895 0.000182548 6.90334e-07 
0.385975 5.22909e-05 0.366331 0.558039 0.038383 0.0371773 1.50233e-05 2.20628e-06 0 
0.553279 5.22909e-05 0.366331 0.558039 0.038383 0.0371773 1.50233e-05 2.20628e-06 0 
0.051681 0.00567822 0.37036 0.433919 0.130212 0.0463132 0.0132033 0.000311989 2.75254e-06 
0.0566535 0.00196569 0.602307 0.372114 0.0116389 0.00441371 0.00424088 0.00331961 0 
0.1041 0.000749577 0.925289 0.0693111 0.00128262 0.00333795 1.00844e-05 2.01187e-05 0 
5.29833e-05 0.973728 0.00996813 0.00271739 0.00271739 0.00271739 0.00271739 0.00271739 0.00271739 
1.47678e-05 0.973727 0.00996813 0.00271739 0.00271739 0.00271739 0.00271739 0.00271739 0.00271739 
0.00797299 0.000210798 0.574186 0.421679 0.00276471 0.00114681 0 1.31064e-05 0 
0.600175 0.000210798 0.574186 0.421679 0.00276471 0.00114681 0 1.31064e-05 0 
0.439434 0.00115511 0 0.991925 0.00586683 0.000412368 0.000640181 0 0 
0.350896 0.000502912 0.000102187 0.97646 0.00778539 0.0151488 0 1.00341e-06 0 
0.0532043 0.000195143 0.124011 0.87071 0.00375516 0.00118028 0.000122268 2.19523e-05 4.23711e-06 
0.668685 0.000195143 0.124011 0.87071 0.00375516 0.00118028 0.000122268 2.19523e-05 4.23711e-06 
0.715221 0.000313322 0.0105199 0.977111 0.0114966 0.000261128 0.000293504 0 5.02012e-06 
0.376621 0.000313322 0.0105199 0.977111 0.0114966 0.000261128 0.000293504 0 5.02012e-06 
0.411951 6.08541e-05 0.567382 0.406324 0.0150813 0.010677 0.000408239 6.52773e-05 1.27273e-06 
0.36361 6.08541e-05 0.567382 0.406324 0.0150813 0.010677 0.000408239 6.52773e-05 1.27273e-06 
0.0633758 0.00813238 0.831515 0.155784 0.00135134 0.00290194 4.34462e-05 0.000205262 6.67722e-05 
0.0799411 0.00179579 0.991785 0.00111742 0.00182247 0.00176211 0.00170488 6.99263e-06 5.61064e-06 
0.00112891 0.0465972 0.348401 0.121681 0.275736 0.156752 0.0111604 0.0396721 0 
0.218499 8.61902e-05 0.0313111 0.963161 0.00522604 1.84688e-05 0.00011267 8.42445e-05 0 
0.536386 8.61902e-05 0.0313111 0.963161 0.00522604 1.84688e-05 0.00011267 8.42445e-05 0 
0.0661626 0.000306642 0.000148262 0.963518 0.0340014 0.00176062 0.00026271 1.25452e-07 2.48302e-06 
0.46597 0.000306642 0.000148262 0.963518 0.0340014 0.00176062 0.00026271 1.25452e-07 2.48302e-06 
0.00486543 0.000253771 0.0242013 0.919192 0.0541257 0.0021237 8.16299e-05 1.07837e-05 1.11846e-05 
0.272447 0.000253771 0.0242013 0.919192 0.0541257 0.0021237 8.16299e-05 1.07837e-05 1.11846e-05 
0.0472347 0.000410581 0.00303264 0.974971 0.0129691 0.00740611 6.34236e-06 0.00120399 4.59392e-07 
0.514534 0.000410581 0.00303264 0.974971 0.0129691 0.00740611 6.34236e-06 0.00120399 4.59392e-07 
0.0953897 0.000257092 0.0261213 0.930765 0.0336425 0.00793115 0.00110576 0.000148774 2.85025e-05 
0.135831 0.000257092 0.0261213 0.930765 0.0336425 0.00793115 0.00110576 0.000148774 2.85025e-05 
0.017647 0.000653306 0.982599 0.00901571 0.00349368 0.00164732 0.00139202 0.00119455 4.59607e-06 
0.131231 0.000653306 0.982599 0.00901571 0.00349368 0.00164733 0.00139202 0.00119455 4.59607e-06 
0.000261892 0.000954198 0.349663 0.318372 0.00808293 0.194822 0.114426 0.000954198 0.0127252 
0.228186 8.56031e-05 0.00220133 0.993288 0.00273879 0.00164576 3.85134e-05 1.55679e-06 3.49286e-07 
0.602906 8.56031e-05 0.00220133 0.993288 0.00273879 0.00164577 3.85134e-05 1.55679e-06 3.49286e-07 
0.00520438 0.00185427 0.645835 0.177413 0.0656742 0.0757765 0.0334464 0 0 
0.710853 1.36038e-07 0.00951388 0.973431 0.0148944 0.00124496 0.000697304 0.000187398 3.11415e-05 
0.000376854 8.89168e-05 0.0194811 0.962569 0.0152703 0.00247895 5.96228e-05 3.30614e-05 1.88799e-05 
0.673634 8.89168e-05 0.0194811 0.962569 0.0152703 0.00247895 5.96228e-05 3.30614e-05 1.88799e-05 
0.0797156 4.14495e-07 0.0019441 0.984745 0.0106598 0.00174982 0.000340354 0.000289409 0.000270754 
0.459628 4.14495e-07 0.0019441 0.984745 0.0106598 0.00174982 0.000340354 0.000289409 0.000270754 
0.208222 0.000118363 0.00951406 0.963114 0.0261499 0.000954723 0.000106884 4.22716e-05 1.34613e-07 
0.493458 0.000118363 0.00951406 0.963114 0.0261499 0.000954723 0.000106884 4.22716e-05 1.34613e-07 
6.69038e-05 0 0.136599 0.207303 0.577026 0.050985 0.02447 0.00180832 0.00180832 
0.0361484 0.000115353 0.00851266 0.948761 0.0387469 0.00369824 0.000136889 2.84575e-05 2.10341e-07 
0.840607 0.000115353 0.00851266 0.948761 0.0387469 0.00369824 0.000136889 2.84575e-05 2.10341e-07 
0.0132805 2.69949e-05 0.0760012 0.506625 0.0918813 0.021027 0.146799 0.0997366 0.0579032 
0.140564 8.4986e-07 0.100739 0.852001 0.0200945 0.0146265 0.00785334 0.00422213 0.000462403 
0.0266472 0 0.00384822 0.979248 0.00975873 0.00650257 0.000409019 0.000233758 0 
0.555324 0 0.00384822 0.979248 0.00975873 0.00650257 0.000409019 0.000233758 0 
0.0423361 0.000435153 0.777408 0.217582 0.00353706 0.000319586 0.000717494 1.46406e-07 1.46406e-07 
0.398771 0.000435153 0.777408 0.217582 0.00353706 0.000319586 0.000717494 1.46406e-07 1.46406e-07 
3.32846e-08 0.125 0.125 0.125 0.125 0.125 0.125 0.125 0.125 
0.00898428 0.000132223 0.0331904 0.954114 0.0113923 0.00102463 0.000139875 1.34951e-06 5.25961e-06 
0.83467 0.000132223 0.0331904 0.954114 0.0113923 0.00102463 0.000139875 1.34951e-06 5.25961e-06 
0.0104883 1.46967e-06 0.00590242 0.936466 0.0521214 0.00379024 0.00134337 0.000116544 0.000258625 
0.31472 1.46967e-06 0.00590242 0.936466 0.0521214 0.00379024 0.00134337 0.000116544 0.000258625 
0.0284203 0.000299844 0.41275 0.584871 0.00152498 0.000344921 0.000195605 8.57015e-06 4.9632e-06 
0.446427 0.000299844 0.41275 0.584871 0.00152498 0.000344921 0.000195605 8.57015e-06 4.9632e-06 
3.47549e-07 0.125 0.125 0.125 0.125 0.125 0.125 0.125 0.125 
0.00109396 0.0209612 0.0356105 0.466005 0.0828381 0.262948 0.13033 0.00130686 0 
0.000577843 0.0209612 0.0356105 0.466005 0.0828381 0.262948 0.13033 0.00130686 0 
0.000121434 0.306007 0.138603 0.12464 0.147076 0.101478 0.151931 0.0144612 0.0158039 
0.000113271 0.306007 0.138603 0.12464 0.147076 0.101478 0.151931 0.0144612 0.0158039 
5.40952e-09 0.125 0.125 0.125 0.125 0.125 0.125 0.125 0.125 
1.61481e-06 0.825 0.025 0.025 0.025 0.025 0.025 0.025 0.025 
5.91372e-06 0.825 0.025 0.025 0.025 0.025 0.025 0.025 0.025 
3.22839e-07 0.125 0.125 0.125 0.125 0.125 0.125 0.125 0.125 
