5
Fold Check-Call 50%-Pot 100%-Pot All-In 
0.00807367 0.668497 0.227735 0.0956457 4.84837e-05 
0.00982653 0.000321981 0.152293 0.837558 3.22722e-07 
0.979715 0.0143888 0.0058871 8.78675e-06 0 
0.0072699 0.157826 0.393923 0.44098 1.45728e-06 
0.0159212 0.139344 0.705692 0.13904 3.65077e-06 
0.0252388 0.0504189 0.690566 0.233775 1.82218e-06 
0.0025115 0.300218 0.109082 0.588188 0 
0.00951964 0.232573 0.178106 0.579777 2.40289e-05 
0.94306 0.050534 0.00310768 0.00329435 3.55515e-06 
0.0337738 0.180024 0.225492 0.560688 2.1134e-05 
0.972271 4.33458e-05 0.00302934 0.0246547 1.36653e-06 
0.0311758 0.563431 0.00858921 0.396766 3.81718e-05 
0.996348 0.000282424 0.00336686 1.86322e-06 2.15206e-07 
0.0184644 0.134468 0.558644 0.288351 7.35143e-05 
0.999997 3.3588e-07 1.07522e-07 2.61159e-06 1.07522e-07 
0.00498976 0.300726 0.619011 0.075264 9.36648e-06 
0.353416 0.617654 0.0101828 0.0187386 8.37526e-06 
0.0088677 0.816702 0.14217 0.0322482 1.24801e-05 
0.205936 0.630517 0.0367247 0.126822 8.75023e-07 
0.00806486 0.264942 0.409355 0.317629 9.25014e-06 
0.130153 0.766335 0.0893912 0.0141211 0 
0.00171958 0.494726 0.184461 0.319094 0 
0.145248 0.51763 0.129395 0.207719 9.22162e-06 
0.00132219 0.725577 0.15265 0.120331 0.000119562 
0.0674132 0.180315 0.28675 0.465408 0.000113481 
0.0032533 0.362487 0.598295 0.0359644 2.1487e-07 
0.00210607 0.115131 0.774796 0.107965 2.34312e-06 
0.00365217 0.201348 0.526759 0.268241 1.075e-07 
0.00336941 0.142368 0.00912721 0.845127 8.22457e-06 
0.00263795 0.384852 0.346721 0.265786 2.50905e-06 
0.0055002 0.226135 0.536901 0.231462 2.58002e-06 
0.00341134 0.613614 0.207341 0.175634 1.07584e-07 
0.00571929 0.311415 0.654301 0.0285422 2.2468e-05 
0.42056 0.574408 0.00499895 2.20836e-05 1.12896e-05 
0.0142427 0.233664 0.307975 0.444106 1.17433e-05 
0.98469 7.00957e-07 0.0152695 3.95816e-05 4.29722e-07 
0.0312548 0.273581 0.421767 0.273363 3.39706e-05 
0.757283 0.242716 1.3018e-07 1.23385e-06 0 
0.00792294 0.805478 0.186593 5.51872e-06 3.22714e-07 
0.228545 0.142144 0.227973 0.401337 2.28186e-07 
0.00997591 0.232025 0.741598 0.0162575 0.000144295 
0.217425 0.465179 0.0352534 0.282139 3.91964e-06 
0.00717656 0.00609545 0.530274 0.456376 7.75999e-05 
0.153722 0.29989 0.241134 0.305239 1.48451e-05 
0.010457 0.357107 0.307945 0.324476 1.46172e-05 
0.127923 0.227442 0.558119 0.0865146 1.46874e-06 
2.00125e-06 0.0249989 0.851923 0.123057 1.96706e-05 
0.0222111 0.305498 0.433159 0.239051 8.06745e-05 
0.000988887 0.451917 0.291265 0.253414 0.00241505 
0.0030653 0.623926 0.226416 0.146593 0 
0.00448235 0.421948 0.444769 0.128799 1.30678e-06 
0.00381125 0.0335957 0.33019 0.632327 7.61246e-05 
0.00328717 0.473687 0.361996 0.161029 4.7574e-07 
0.0297908 0.304975 0.0853062 0.579647 0.000281081 
0.00263358 0.482327 0.314354 0.200675 1.02654e-05 
0.0211231 0.342788 0.361419 0.274636 3.30042e-05 
0.198099 0.141357 0.285518 0.375025 1.98658e-07 
0.0134559 0.332083 0.349847 0.3046 1.35928e-05 
0.577127 0.34842 8.5241e-06 0.0744438 1.67377e-07 
0.00968844 0.0301675 0.772265 0.187761 0.00011784 
0.326361 0.558564 0.115054 1.72131e-05 3.59674e-06 
0.0109358 0.600714 0.365948 0.0223948 7.65361e-06 
0.0947425 0.0375857 0.823478 0.0441913 2.39362e-06 
0.0110269 0.587617 0.270941 0.130365 5.05715e-05 
0.193691 0.132141 0.00442371 0.669711 3.36764e-05 
0.00456786 0.237262 0.476622 0.281523 2.42757e-05 
0.137545 0.706464 0.0939331 0.0620295 2.83678e-05 
0.00298095 0.0505118 0.500751 0.445435 0.000321332 
0.0270495 0.468387 0.323099 0.181285 0.000179811 
2.48074e-05 0.00951547 0.242556 0.747699 0.000205278 
0.00190893 0.243136 0.258405 0.496546 3.52842e-06 
0.00345229 0.0478188 0.636838 0.311884 6.89101e-06 
0.0108606 0.146643 0.554614 0.287874 8.1093e-06 
0.00502991 0.0520263 0.412766 0.530175 1.97773e-06 
0.0167438 0.0320675 0.763942 0.187222 2.4793e-05 
0.0376789 0.261432 0.553049 0.14784 0 
0.029689 0.302541 0.630959 0.0368032 7.77373e-06 
0.228499 0.017915 0.464416 0.289169 3.82796e-07 
0.0206364 0.797587 0.16944 0.0123326 4.02856e-06 
0.216621 0.00538104 0.771631 0.00636635 5.46016e-07 
0.0216975 0.559462 0.21062 0.208191 2.88934e-05 
0.230212 0.00960828 0.167194 0.592967 1.92333e-05 
0.00314229 0.0353887 0.0379579 0.923405 0.000106266 
0.144976 0.175045 0.34185 0.338127 2.11515e-06 
0.00335516 0.146334 0.335289 0.514813 0.000208489 
0.11318 0.0405918 0.392521 0.453683 2.39814e-05 
0.000166041 0.0747373 0.484167 0.44093 3.22519e-07 
0.0152989 0.370666 0.305845 0.308191 2.42845e-07 
0.000224682 0.241853 0.575433 0.182254 0.000235051 
0.0106358 0.0337139 0.0547096 0.90094 3.22069e-07 
0.00197197 0.427631 0.481438 0.0889593 0 
0.00551422 0.0486915 0.109952 0.835836 6.19919e-06 
0.00855559 0.274188 0.330656 0.38658 1.95691e-05 
0.0064001 0.116953 0.56216 0.314384 0.000103692 
0.068343 0.231843 0.699742 1.11626e-05 6.08888e-05 
0.00360682 0.000589507 0.420534 0.575225 4.42521e-05 
0.0960249 7.94581e-06 0.00373401 0.900231 1.76874e-06 
0.0110201 0.0767099 0.446791 0.465376 0.000102598 
0.140194 0.431957 0.31093 0.116911 8.69735e-06 
0.00305214 0.868562 0.0433125 0.0850027 7.06736e-05 
0.113622 0.00153616 0.660598 0.224235 8.01081e-06 
0.00200815 0.547292 0.302977 0.147586 0.000136881 
0.083465 0.248756 0.401182 0.266586 1.10539e-05 
0.00254294 0.00307813 0.601203 0.392896 0.000279716 
0.0419522 0.499103 0.375124 0.0836341 0.000187471 
4.2964e-07 0.239963 0.527415 0.231597 0.00102467 
0.00900295 0.562845 0.362269 0.0658811 1.61418e-06 
0.0104313 0.356252 0.255446 0.377859 1.09887e-05 
0.0136048 0.160993 0.45267 0.372221 0.00051078 
0.00676327 0.638708 0.119829 0.2347 0 
0.00229368 0.078834 0.532477 0.38636 3.50217e-05 
0.00619123 0.257879 0.377527 0.358399 3.76412e-06 
0.0139368 0.166738 0.485863 0.333289 0.000172704 
0.0367578 0.315208 0.348975 0.299056 3.55048e-06 
0.006995 0.0534034 0.230518 0.709083 0 
0.0846586 0.252775 0.361889 0.300664 1.26779e-05 
0.00411738 0.313472 0.659932 0.0222027 0.000275465 
0.0439287 0.233201 0.712211 0.0106376 2.09867e-05 
0.00153446 0.312835 0.379213 0.306384 3.45354e-05 
0.0233588 0.186839 0.753871 0.0358542 7.65108e-05 
0 0.0777036 0.620367 0.298415 0.0035143 
0.00327551 0.529978 0.0909515 0.375774 2.07345e-05 
0.00936765 0.166376 0.564955 0.25929 1.10221e-05 
0.00290815 0.155889 0.594873 0.24633 8.30183e-07 
0.0129576 0.434857 0.510504 0.04168 1.07061e-06 
0.000296433 0.146246 0.772111 0.0806755 0.000671074 
0.00195963 0.229191 0.191841 0.577 8.4444e-06 
0.0222358 0.093696 0.802672 0.0813963 0 
0.0306928 0.386479 0.222195 0.360632 8.37757e-07 
0.0030291 0.0523181 0.727837 0.216461 0.000354309 
0.00471049 0.350896 0.506893 0.137428 7.26209e-05 
0 0.0054072 0.696317 0.298225 5.12138e-05 
1.7574e-05 0.29275 0.448995 0.257733 0.000504389 
1.44204e-07 0.0115676 0.659493 0.32473 0.00420864 
0.00398368 0.395466 0.390147 0.210139 0.000264543 
0.00233586 0.442923 0.346941 0.207783 1.76147e-05 
0.00379153 0.00172022 0.986515 0.00797093 1.95044e-06 
0.00496214 0.409383 0.296983 0.288662 8.98814e-06 
0.000213311 0.0214009 0.0803532 0.897969 6.33581e-05 
0.00351753 0.453195 0.257312 0.285934 4.10453e-05 
0.000437653 0.0116515 0.860802 0.126558 0.000550925 
0.00217443 0.113502 0.533131 0.351172 2.09004e-05 
3.21685e-07 0.000146658 0.282971 0.716876 6.11408e-06 
3.32866e-06 0.216124 0.551327 0.232544 1.57985e-06 
2.14553e-07 0.0391391 0.498787 0.455014 0.00705988 
0.00184301 0.0253367 0.549049 0.423638 0.000133556 
0.0019455 0.573603 0.185353 0.239006 9.26075e-05 
8.99037e-06 0.0182334 0.231317 0.750436 4.88569e-06 
0.000986128 0.350347 0.635536 0.0131212 8.84708e-06 
0.00028165 0.00170491 0.774528 0.223089 0.000395858 
0.000368267 0.426663 0.0632473 0.509421 0.000299946 
4.69804e-06 0.0189117 0.17137 0.806946 0.00276819 
4.96158e-07 0.0453065 0.509074 0.44335 0.00226866 
2.15031e-07 0.190202 0.368044 0.441657 9.77561e-05 
0.000458085 0.481692 0.48158 0.0362632 6.29895e-06 
0.00266799 0.282356 0.37467 0.340304 2.02427e-06 
0.000396478 0.0746028 0.632378 0.292235 0.000388042 
0.00149852 0.269034 0.29694 0.432406 0.000120991 
9.89669e-07 0.0844995 0.482925 0.43117 0.00140447 
1.60398e-07 0.0233739 0.325938 0.650391 0.000296164 
2.15368e-07 0.241125 0.33884 0.420021 1.29596e-05 
9.72878e-07 0.206014 0.0641952 0.729149 0.0006409 
1.85111e-07 0.085365 0.802042 0.112536 5.70856e-05 
1.55788e-06 0.350022 0.431884 0.218088 3.99454e-06 
2.63259e-07 0.0829927 0.380352 0.535483 0.00117279 
0 0.0564432 0.407807 0.535743 7.12458e-06 
9.51393e-07 0.0121562 0.562328 0.424853 0.000661925 
1.61545e-06 0.271069 0.264414 0.460147 0.00436782 
0 0.0826272 0.380862 0.536477 3.35171e-05 
