5
Fold Check-Call 50%-Pot 100%-Pot All-In 
1 0.00507806 0.33244 0.541633 0.120638 0.000210804 
1 0.00656036 0.33617 0.0146058 0.642662 1.69178e-06 
1 0.00453529 0.995448 4.55879e-06 1.13279e-05 3.56903e-07 
1 0.0104174 0.0719394 0.813269 0.104294 8.06099e-05 
1 0.00465381 0.966548 0.0237476 0.00504321 7.03869e-06 
1 0.00128465 0.930391 3.76395e-05 0.0682678 1.87772e-05 
1 0.00460504 0.989106 0.0062853 3.50817e-06 0 
1 0.00641954 0.383969 0.366293 0.243142 0.000176247 
1 0.0030703 0.89601 0.0236011 0.0772839 3.41276e-05 
1 0.00589853 0.693254 4.49986e-06 0.300839 4.49986e-06 
1 0.00458726 0.869193 0.121983 0.00422762 9.11159e-06 
1 0.00622629 0.951451 0.000858079 0.0414629 2.20076e-06 
1 0.00245791 0.939709 0.0569031 0.000912257 1.78038e-05 
1 0.00122504 0.998682 6.28868e-07 4.37024e-05 4.89994e-05 
1 0.00687186 0.992281 6.45241e-06 0.000839945 2.81502e-07 
1 0.00237859 0.0963793 0.343555 0.557685 1.68934e-06 
1 0.00274869 0.962204 0.0337156 0.00132636 5.07204e-06 
1 0.00562526 0.323896 0.458342 0.2121 3.66558e-05 
1 0.00480526 0.76912 0.119798 0.10624 3.58997e-05 
1 0.00969959 0.965171 0.0118355 0.013293 1.40574e-06 
1 0.0052487 0.906696 0.0880399 1.51904e-05 2.81465e-07 
1 0.00485709 0.687277 0.00417024 0.303661 3.47691e-05 
1 0.000389994 0.995363 0.00411327 3.80897e-05 9.52758e-05 
1 0.000120204 0.999689 0.000163648 2.61826e-05 1.46561e-06 
1 0.00115171 0.820736 0.178112 4.6874e-07 4.6874e-07 
1 0.000252944 0.577448 0.392242 0.0292683 0.000788218 
1 0.00374497 0.2667 0.209159 0.520396 0 
1 0.00590155 0.829576 0.16452 1.47435e-06 1.63258e-06 
1 0.00403659 0.0895387 0.194665 0.711744 1.49151e-05 
1 0.00388441 0.67029 0.238702 0.0871224 9.38301e-07 
1 0.000262908 0.396736 0.298921 0.30408 2.81669e-07 
1 0.00547 0.58689 0.354019 0.0536089 1.1496e-05 
1 0.00545922 0.190095 0.406882 0.397552 1.04998e-05 
1 0.00422995 0.824131 0.171523 0.00011574 3.75218e-07 
1 0.000617687 0.879749 0.000408571 0.119202 2.31978e-05 
1 0.00504608 0.992335 0.000206473 0.00240976 2.25148e-06 
1 0.00230028 0.614831 0.0682941 0.314497 7.74485e-05 
1 0.005904 0.968293 0.0241529 0.00161223 3.73483e-05 
1 0.000357718 0.753945 0.244953 7.14982e-05 0.000672349 
1 0.00383924 0.992762 0.00297523 0.000411287 1.2141e-05 
1 0.00218266 0.996919 4.22502e-06 0.000889786 4.22502e-06 
1 0.00293564 0.948387 0.0469132 0.00176118 2.89775e-06 
1 0.00198618 0.904879 0.0923024 0.00074776 8.49814e-05 
1 0.00647524 0.73667 0.0492398 0.20761 5.0147e-06 
1 0.00447781 0.941288 0.00072364 0.0534627 4.79739e-05 
1 0.00479464 0.892429 0.0992136 0.00346807 9.4067e-05 
1 0.000289674 0.29831 0.00306032 0.697734 0.000605703 
1 1.67844e-05 0.972792 0.00844053 0.0187177 3.34786e-05 
1 0.000892483 0.0863881 0.693557 0.214651 0.00451199 
1 0.00558928 0.0429315 0.777522 0.173932 2.46645e-05 
1 0.00169738 0.972479 1.24127e-06 0.0257879 3.46801e-05 
1 0.00115059 0.039776 0.643284 0.315789 2.81756e-07 
1 0.00522944 0.28405 0.0743155 0.63639 1.55065e-05 
1 0.00247794 0.601851 0.225619 0.170052 8.44631e-07 
1 0.00408939 0.955124 0.00505641 0.0357283 2.01764e-06 
1 0.000161903 0.430353 0.284562 0.284906 1.6942e-05 
1 0.00488331 0.698642 0.157627 0.138847 8.53028e-07 
1 0.00270835 0.781206 0.160613 0.0554377 3.45244e-05 
1 0.00468373 0.989776 0.00428425 0.00125259 4.02732e-06 
1 0.0105961 0.522302 0.185188 0.281873 4.15595e-05 
1 0.00757737 0.941562 0.0162386 0.0346164 6.17526e-06 
1 0.00892112 0.455333 0.474603 0.061008 0.00013449 
1 0.00279288 0.99616 1.12604e-06 0.00104515 1.12604e-06 
1 0.00125865 0.998633 2.83279e-05 7.24259e-05 7.83911e-06 
1 0.00997994 0.85404 0.000156242 0.135815 8.8233e-06 
1 0.00131652 0.651558 0.191494 0.155602 3.06665e-05 
1 0.00454158 0.784674 0.20051 0.0102659 8.72133e-06 
1 0.0068709 0.647587 0.329904 0.0156044 3.37607e-05 
1 0.0042364 0.503061 0.241772 0.250927 2.8699e-06 
1 0.00179318 0.0496676 0.34528 0.603205 5.4412e-05 
1 0.00035977 0.115131 0.411725 0.472676 0.000108273 
1 0.00381555 0.782874 0.148404 0.0648234 8.27149e-05 
1 0.0116744 0.0532191 0.435238 0.499802 6.71782e-05 
1 0.001923 0.436951 0.411006 0.150046 7.38124e-05 
1 0.00151529 0.717102 0.281374 4.55318e-06 4.14113e-06 
1 0.00474728 0.370117 0.142736 0.482378 2.09536e-05 
1 0.0130587 0.946984 0.0306762 0.00927181 9.70597e-06 
1 0.00592702 0.826536 0.167535 1.37249e-06 5.62916e-07 
1 5.36177e-05 0.334957 0.410162 0.254827 2.81688e-07 
1 0.00370101 0.973753 0.000117132 0.0224277 8.42382e-07 
1 0.00244683 0.683451 0.213796 0.099947 0.000358457 
1 0.0110328 0.404101 0.401479 0.183279 0.00010806 
1 0.00144258 0.436945 0.0010661 0.560125 0.000421696 
1 0.00829848 0.738912 0.215167 0.0376227 4.36165e-07 
1 0.00831825 0.456703 0.352476 0.182488 1.51009e-05 
1 0.00686221 0.60347 0.0482788 0.34122 0.000169148 
1 0.000862619 0.0920166 0.623236 0.283785 9.94117e-05 
1 4.69301e-07 0.460595 0.414969 0.124408 2.78234e-05 
1 0.00134762 0.165979 0.552146 0.280375 0.000151889 
1 0.00232614 0.0561414 0.387523 0.553892 0.000117067 
1 0.00249522 0.633791 0.217706 0.145984 2.36918e-05 
1 0.00368617 0.134094 0.500087 0.36213 2.22367e-06 
1 0.00412386 0.908478 0.0865978 0.00078981 1.10569e-05 
1 0.0065774 0.0644799 0.580189 0.348726 2.79558e-05 
1 0.00655982 0.991543 0.00188123 1.52729e-05 6.5677e-07 
1 0.00472901 0.742701 0.219779 0.0327589 3.12188e-05 
1 0.00326342 0.505111 0.366905 0.12472 1.87826e-07 
1 0.00277407 0.924817 0.0580771 0.0140061 0.000326196 
1 0.00233135 0.860509 0.0183598 0.118776 2.37508e-05 
1 0.000799519 0.0494409 0.0151286 0.934612 1.8468e-05 
1 0.00303713 0.977809 4.16209e-06 0.0190848 6.51138e-05 
1 0.00085012 0.890406 0.0416487 0.0670927 2.5359e-06 
1 0.00311311 0.95754 0.0264345 0.0128467 6.56425e-05 
1 0.00342097 0.145334 0.419252 0.431929 6.38277e-05 
1 0.00538976 0.680606 0.233534 0.0804297 4.01126e-05 
1 1.8764e-07 0.201305 0.439456 0.357049 0.00218972 
1 0.00152195 0.358817 0.427841 0.211751 6.83692e-05 
1 0.00644736 0.798822 0.0716805 0.123029 2.09203e-05 
1 0.0032238 0.00814378 0.672181 0.316382 6.87296e-05 
1 0.00891961 0.587771 0.261906 0.141403 0 
1 0.0038528 0.846428 0.149574 2.25573e-05 0.00012235 
1 0.00384256 0.534695 0.0694554 0.391906 0.00010164 
1 0.00759839 0.102272 0.0214623 0.868279 0.000388039 
1 0.00769137 0.961945 0.00876699 0.0215922 4.66424e-06 
1 0.0049339 0.916551 0.0360822 0.0424167 1.64418e-05 
1 0.00516708 0.56651 0.415729 0.012573 2.10438e-05 
1 0.00497103 0.77366 0.0315381 0.189804 2.68244e-05 
1 0.00274193 0.887712 0.0970982 0.0124438 3.82855e-06 
1 5.64335e-07 0.236697 0.610012 0.152475 0.000815099 
1 0.0025256 0.802397 0.17996 0.0151111 6.03336e-06 
1 0.000232831 0.0324095 0.671967 0.292109 0.00328132 
1 0.00103486 0.222824 0.610174 0.165952 1.53243e-05 
1 0.00231445 0.524766 0.116669 0.356231 1.87521e-05 
1 0.00334693 0.127441 0.269345 0.599838 3.01559e-05 
1 0.00687166 0.710043 0.10978 0.173292 1.34628e-05 
1 0.00910213 0.00984525 0.0250911 0.955714 0.000247822 
1 0.00501851 0.391931 0.407455 0.195591 4.70005e-06 
1 0.00187873 0.0605309 0.30869 0.628835 6.57613e-05 
1 0.00109093 0.773957 0.192531 0.0323835 3.764e-05 
1 0.00191989 0.25648 0.250785 0.490812 3.09419e-06 
1 0.00281508 0.331616 0.664951 0.000616433 1.12784e-06 
1 0.0022915 0.0401729 0.563879 0.392388 0.00126941 
1 1.92162e-05 0.307599 0.0590889 0.633228 6.4892e-05 
1 3.82145e-06 0.0699639 0.349457 0.578525 0.00205006 
1 0.00214368 0.272727 0.378248 0.346876 5.55416e-06 
1 0.00382955 0.543454 0.214178 0.238343 0.000195648 
1 0.00164162 0.00880819 0.987513 0.0020201 1.69827e-05 
1 0.00533912 0.893955 0.0296749 0.0710222 9.05999e-06 
1 0.00800333 0.000541753 0.991304 9.25748e-05 5.81113e-05 
1 0.00172483 0.640028 0.0295544 0.328631 6.11492e-05 
1 0.000747952 0.0832336 0.521438 0.394324 0.000255999 
1 0.000359892 0.507228 0.194469 0.297541 0.000402865 
1 3.55562e-06 0.27999 0.240972 0.479026 7.83785e-06 
1 7.50006e-06 0.448723 0.16865 0.382414 0.000205351 
1 9.39815e-06 6.38503e-05 0.681076 0.301412 0.0174381 
1 0.0048154 0.0425224 0.618334 0.33405 0.000278324 
1 0.00504132 0.765597 0.0725587 0.156717 8.58672e-05 
1 0.00293491 0.164664 0.542289 0.290073 3.91629e-05 
1 0.000243325 0.998323 0.00136035 6.21781e-05 1.11771e-05 
1 0.00042616 0.0494999 0.872234 0.0778403 0 
1 0.000691642 0.815547 0.0428669 0.140794 0.000100918 
1 1.55767e-05 0.0486719 0.328115 0.620344 0.00285359 
1 2.29682e-06 0.366054 0.361593 0.271916 0.000435292 
1 3.56656e-06 3.64482e-06 0.204404 0.795566 2.34131e-05 
1 0.000168937 0.0104907 0.284786 0.703925 0.000629029 
1 0.00166506 0.755652 0.0588338 0.183839 9.61671e-06 
1 0.000288399 0.0507857 0.642409 0.306077 0.000440124 
1 7.23149e-06 0.774106 0.128895 0.0969471 4.46559e-05 
1 3.66004e-06 0.0674429 0.250871 0.679406 0.00227652 
1 7.50702e-07 0.573557 0.292323 0.13086 0.00325822 
1 4.40136e-05 0.000319896 0.467309 0.529884 0.00244318 
1 1.6873e-06 0.0254454 0.713327 0.260479 0.000747687 
1 9.36503e-06 0.0150774 0.656086 0.327971 0.000856147 
1 3.41624e-07 0.00647737 0.632094 0.360821 0.00060684 
1 6.37758e-06 0.00193997 0.313328 0.683925 0.000801454 
1 1.89187e-06 5.92368e-07 0.345563 0.654145 0.000289456 
1 1.81863e-05 4.53426e-05 0.306364 0.692929 0.000643916 
1 1.27492e-05 9.50894e-05 0.520774 0.461939 0.0171792 
1 3.75255e-07 8.68871e-06 0.462231 0.537752 8.17449e-06 
